[gd_scene load_steps=5 format=3 uid="uid://cus0dgndulm1y"]

[ext_resource type="Script" path="res://player.gd" id="1_tsgtd"]

[sub_resource type="CapsuleMesh" id="CapsuleMesh_swel3"]

[sub_resource type="CapsuleShape3D" id="CapsuleShape3D_w8icm"]

[sub_resource type="CylinderMesh" id="CylinderMesh_ri4ej"]

[node name="Player" type="CharacterBody3D"]
transform = Transform3D(-0.583541, 0, 0.812084, 0, 1, 0, -0.812084, 0, -0.583541, 0, 0, 0)
script = ExtResource("1_tsgtd")

[node name="MeshInstance3D" type="MeshInstance3D" parent="."]
transform = Transform3D(0.537064, 0, -0.843541, 0, 1, 0, 0.843541, 0, 0.537064, 0, 0, 0)
mesh = SubResource("CapsuleMesh_swel3")

[node name="CollisionShape3D" type="CollisionShape3D" parent="."]
transform = Transform3D(-0.800062, 0, 0.599918, 0, 1, 0, -0.599918, 0, -0.800062, 0, 0, 0)
shape = SubResource("CapsuleShape3D_w8icm")

[node name="life" type="Label3D" parent="."]
transform = Transform3D(1, 0, 0, 0, 1, 0, 0, 0, 1, 0, 1.29999, 0)
modulate = Color(0, 0, 0, 1)
text = "%life%"
font_size = 80

[node name="no_collision" type="Timer" parent="."]
wait_time = 0.7

[node name="raycast_left" type="RayCast3D" parent="."]
transform = Transform3D(-2.06328e-05, 0.3, 0.000155783, 0.0394381, 0.000157143, -0.297396, -0.297396, 2.55648e-08, -0.0394382, -0.3, 0.95, 0)
debug_shape_thickness = 4

[node name="raycast_right" type="RayCast3D" parent="."]
transform = Transform3D(-1.31134e-08, -0.3, 0, 0.3, -1.31134e-08, 0, 0, 0, 0.3, 0.3, 0.95, 0)
debug_shape_thickness = 4

[node name="timer_after_jump" type="Timer" parent="."]
wait_time = 0.37
one_shot = true

[node name="coord" type="Label3D" parent="."]
transform = Transform3D(1, 0, 0, 0, 1, 0, 0, 0, 1, 0, 1.75794, 0)
pixel_size = 0.01
modulate = Color(0, 0, 0, 1)
text = "%position%"
font_size = 64

[node name="Node3D" type="Node3D" parent="."]

[node name="MeshInstance3D2" type="MeshInstance3D" parent="Node3D"]
transform = Transform3D(0, 0.5, 2.18557e-08, 0, -2.18557e-08, 0.5, 0.5, 0, 8.88178e-16, 0.506901, 0.140945, -2.98023e-08)
mesh = SubResource("CylinderMesh_ri4ej")
skeleton = NodePath("../..")

[node name="timer_dash" type="Timer" parent="."]
wait_time = 0.1
one_shot = true

[node name="timer_after_dash" type="Timer" parent="."]
wait_time = 0.2
one_shot = true

[connection signal="timeout" from="no_collision" to="." method="_on_no_collision_timeout"]
[connection signal="timeout" from="timer_after_jump" to="." method="_on_timer_after_jump_timeout"]
[connection signal="timeout" from="timer_dash" to="." method="_on_timer_dash_timeout"]
[connection signal="timeout" from="timer_after_dash" to="." method="_on_timer_after_dash_timeout"]
